HIEROBJ  EWORLD                                             NONE                
ROOT                                                                            
1.0000000000000E+00 0.000000000000E+00  0.000000000000E+00  0.000000000000E+00  
0.000000000000E+00  1.0000000000000E+00 0.000000000000E+00  0.000000000000E+00  
0.000000000000E+00  0.000000000000E+00  1.0000000000000E+00 0.000000000000E+00  
0.000000000000E+00  0.000000000000E+00  0.000000000000E+00  1.0000000000000E+00 
HIEROBJ  EHIEROBJECT1                                       NONE                
BODYNCBF  WORLD                                   BODY1                         
1.0000000000000E+00 0.000000000000E+00  0.000000000000E+00  0.000000000000E+00  
0.000000000000E+00  1.0000000000000E+00 0.000000000000E+00  0.000000000000E+00  
0.000000000000E+00  0.000000000000E+00  1.0000000000000E+00 0.000000000000E+00  
0.000000000000E+00  0.000000000000E+00  0.000000000000E+00  1.0000000000000E+00 
HIEROBJ  EHIEROBJECT2                                       NONE                
CGTRIAD   HIEROBJECT1                                                           
-3.008141262126E-11 9.5105651629453E-01 3.0901699437687E-01 0.000000000000E+00  
9.9995549429592E-01 -2.915414862426E-03 8.9727244234040E-03 0.000000000000E+00  
9.4344807699420E-03 3.0900324135824E-01 -9.510141888546E-01 0.000000000000E+00  
9.0477643890000E-02 -2.819596278000E-02 1.1678298487000E-01 1.0000000000000E+00 
HIEROBJ  EHIEROBJECT3                                       NONE                
BODYNCBF  WORLD                                   BODY2                         
1.0000000000000E+00 0.000000000000E+00  0.000000000000E+00  0.000000000000E+00  
0.000000000000E+00  1.0000000000000E+00 0.000000000000E+00  0.000000000000E+00  
0.000000000000E+00  0.000000000000E+00  1.0000000000000E+00 0.000000000000E+00  
0.000000000000E+00  0.000000000000E+00  0.000000000000E+00  1.0000000000000E+00 
HIEROBJ  EHIEROBJECT4                                       NONE                
CGTRIAD   HIEROBJECT3                                                           
2.4372864837474E-15 3.3397651204035E-01 9.4258139670023E-01 0.000000000000E+00  
9.9995549429592E-01 -8.892766061339E-03 3.1508949804777E-03 0.000000000000E+00  
9.4344807700110E-03 9.4253944645152E-01 -3.339616481805E-01 0.000000000000E+00  
9.0477643890000E-02 -1.125892094500E-01 4.1266670400000E-03 1.0000000000000E+00 
HIEROBJ  EHIEROBJECT5                                       NONE                
BODYNCBF  WORLD                                   BODY3                         
1.0000000000000E+00 0.000000000000E+00  0.000000000000E+00  0.000000000000E+00  
0.000000000000E+00  1.0000000000000E+00 0.000000000000E+00  0.000000000000E+00  
0.000000000000E+00  0.000000000000E+00  1.0000000000000E+00 0.000000000000E+00  
0.000000000000E+00  0.000000000000E+00  0.000000000000E+00  1.0000000000000E+00 
HIEROBJ  EHIEROBJECT6                                       NONE                
CGTRIAD   HIEROBJECT5                                                           
-7.977125904279E-15 5.3292283232252E-01 8.4616384630244E-01 0.000000000000E+00  
9.9995549429592E-01 7.9831165361602E-03 -5.027850213400E-03 0.000000000000E+00  
-9.434480769937E-03 8.4612618718470E-01 -5.328991142166E-01 0.000000000000E+00  
9.0477643890000E-02 1.5625786224000E-01 -8.986546196000E-02 1.0000000000000E+00 
HIEROBJ  EHIEROBJECT7                                       NONE                
BODYNCBF  WORLD                                   BODY4                         
1.0000000000000E+00 0.000000000000E+00  0.000000000000E+00  0.000000000000E+00  
0.000000000000E+00  1.0000000000000E+00 0.000000000000E+00  0.000000000000E+00  
0.000000000000E+00  0.000000000000E+00  1.0000000000000E+00 0.000000000000E+00  
0.000000000000E+00  0.000000000000E+00  0.000000000000E+00  1.0000000000000E+00 
HIEROBJ  EHIEROBJECT8                                       NONE                
CGTRIAD   HIEROBJECT7                                                           
3.5344123461289E-14 8.1874441191652E-01 -5.741581558730E-01 0.000000000000E+00  
9.9995549429592E-01 -5.416884080549E-03 -7.724428409748E-03 0.000000000000E+00  
-9.434480769996E-03 -5.741326025600E-01 -8.187079731200E-01 0.000000000000E+00  
9.0477643890000E-02 -3.383857895000E-02 -1.476209700900E-01 1.0000000000000E+00 
HIEROBJ  EHIEROBJECT9                                       NONE                
BODYNCBF  WORLD                                   BODY5                         
1.0000000000000E+00 0.000000000000E+00  0.000000000000E+00  0.000000000000E+00  
0.000000000000E+00  1.0000000000000E+00 0.000000000000E+00  0.000000000000E+00  
0.000000000000E+00  0.000000000000E+00  1.0000000000000E+00 0.000000000000E+00  
0.000000000000E+00  0.000000000000E+00  0.000000000000E+00  1.0000000000000E+00 
HIEROBJ  EHIEROBJECT10                                      NONE                
CGTRIAD   HIEROBJECT9                                                           
9.9999999991350E-01 -1.020759304033E-05 8.2943463319315E-06 0.000000000000E+00  
1.3151925864249E-05 7.6961882262279E-01 -6.385036160365E-01 0.000000000000E+00  
1.3410000887512E-07 6.3850361609040E-01 7.6961882269047E-01 0.000000000000E+00  
8.9995275250000E-02 6.3955071140000E-02 2.5064096440000E-02 1.0000000000000E+00 
HIEROBJ  EHIEROBJECT11                                      NONE                
BODYNCBF  WORLD                                   BODY6                         
1.0000000000000E+00 0.000000000000E+00  0.000000000000E+00  0.000000000000E+00  
0.000000000000E+00  1.0000000000000E+00 0.000000000000E+00  0.000000000000E+00  
0.000000000000E+00  0.000000000000E+00  1.0000000000000E+00 0.000000000000E+00  
0.000000000000E+00  0.000000000000E+00  0.000000000000E+00  1.0000000000000E+00 
HIEROBJ  EHIEROBJECT12                                      NONE                
CGTRIAD   HIEROBJECT11                                                          
9.9999999999997E-01 1.3467184849510E-07 1.8649982151344E-07 0.000000000000E+00  
-1.985469664419E-07 9.5828860590012E-02 9.9539782473038E-01 0.000000000000E+00  
1.1617999964857E-07 -9.953978247304E-01 9.5828860590036E-02 0.000000000000E+00  
2.2854365230000E-02 2.3550000000000E-08 3.0004798140000E-02 1.0000000000000E+00 
HIEROBJ  EHIEROBJECT13                                      NONE                
BODYNCBF  WORLD                                   BODY7                         
1.0000000000000E+00 0.000000000000E+00  0.000000000000E+00  0.000000000000E+00  
0.000000000000E+00  1.0000000000000E+00 0.000000000000E+00  0.000000000000E+00  
0.000000000000E+00  0.000000000000E+00  1.0000000000000E+00 0.000000000000E+00  
0.000000000000E+00  0.000000000000E+00  0.000000000000E+00  1.0000000000000E+00 
HIEROBJ  EHIEROBJECT14                                      NONE                
CGTRIAD   HIEROBJECT13                                                          
1.1878169396684E-02 8.0896844829388E-01 5.8773204673285E-01 0.000000000000E+00  
-1.681769876851E-04 -5.877718883801E-01 8.0902668617706E-01 0.000000000000E+00  
9.9992943791464E-01 -9.708599030034E-03 -6.845604180021E-03 0.000000000000E+00  
9.0346098570000E-02 1.7958308066000E-01 1.6047951877000E-01 1.0000000000000E+00 
HIEROBJ  EHIEROBJECT15                                      NONE                
BODYNCBF  WORLD                                   BODY8                         
1.0000000000000E+00 0.000000000000E+00  0.000000000000E+00  0.000000000000E+00  
0.000000000000E+00  1.0000000000000E+00 0.000000000000E+00  0.000000000000E+00  
0.000000000000E+00  0.000000000000E+00  1.0000000000000E+00 0.000000000000E+00  
0.000000000000E+00  0.000000000000E+00  0.000000000000E+00  1.0000000000000E+00 
HIEROBJ  EHIEROBJECT16                                      NONE                
CGTRIAD   HIEROBJECT15                                                          
1.1878169396254E-02 -3.089813944394E-01 9.5099390480807E-01 0.000000000000E+00  
1.6817698906855E-04 9.5106160407243E-01 3.0900128960195E-01 0.000000000000E+00  
-9.999294379146E-01 -3.510434370020E-03 1.1348834400041E-02 0.000000000000E+00  
9.0346098570000E-02 -5.529719271000E-02 2.0019189209000E-01 1.0000000000000E+00 
HIEROBJ  EHIEROBJECT17                                      NONE                
BODYNCBF  WORLD                                   BODY9                         
1.0000000000000E+00 0.000000000000E+00  0.000000000000E+00  0.000000000000E+00  
0.000000000000E+00  1.0000000000000E+00 0.000000000000E+00  0.000000000000E+00  
0.000000000000E+00  0.000000000000E+00  1.0000000000000E+00 0.000000000000E+00  
0.000000000000E+00  0.000000000000E+00  0.000000000000E+00  1.0000000000000E+00 
HIEROBJ  EHIEROBJECT18                                      NONE                
CGTRIAD   HIEROBJECT17                                                          
-1.187816939984E-02 9.9992945195208E-01 -1.450953000116E-05 0.000000000000E+00  
1.6817699582809E-04 1.6508329269995E-05 9.9999998572199E-01 0.000000000000E+00  
9.9992943791460E-01 1.1878166790074E-02 -1.683612200009E-04 0.000000000000E+00  
9.0346098570000E-02 -1.958414719600E-01 3.0004702910000E-02 1.0000000000000E+00 
HIEROBJ  EHIEROBJECT19                                      NONE                
BODYNCBF  WORLD                                   BODY10                        
1.0000000000000E+00 0.000000000000E+00  0.000000000000E+00  0.000000000000E+00  
0.000000000000E+00  1.0000000000000E+00 0.000000000000E+00  0.000000000000E+00  
0.000000000000E+00  0.000000000000E+00  1.0000000000000E+00 0.000000000000E+00  
0.000000000000E+00  0.000000000000E+00  0.000000000000E+00  1.0000000000000E+00 
HIEROBJ  EHIEROBJECT20                                      NONE                
CGTRIAD   HIEROBJECT19                                                          
1.1878169396489E-02 8.0895139131681E-01 -5.877555236477E-01 0.000000000000E+00  
-1.681769962353E-04 5.8779859942000E-01 8.0900727947057E-01 0.000000000000E+00  
9.9992943791464E-01 -9.510678550056E-03 7.1180183500215E-03 0.000000000000E+00  
9.0346098570000E-02 2.3008805580000E-01 -1.371639843600E-01 1.0000000000000E+00 
HIEROBJ  EHIEROBJECT21                                      NONE                
BODYNCBF  WORLD                                   BODY11                        
1.0000000000000E+00 0.000000000000E+00  0.000000000000E+00  0.000000000000E+00  
0.000000000000E+00  1.0000000000000E+00 0.000000000000E+00  0.000000000000E+00  
0.000000000000E+00  0.000000000000E+00  1.0000000000000E+00 0.000000000000E+00  
0.000000000000E+00  0.000000000000E+00  0.000000000000E+00  1.0000000000000E+00 
HIEROBJ  EHIEROBJECT22                                      NONE                
CGTRIAD   HIEROBJECT21                                                          
-1.187816939897E-02 3.0900899322017E-01 9.5098493742056E-01 0.000000000000E+00  
-1.681769902284E-04 9.5105140135912E-01 -3.090326903248E-01 0.000000000000E+00  
-9.999294379146E-01 -3.830676430023E-03 -1.124478145003E-02 0.000000000000E+00  
9.0346098570000E-02 -8.148413034000E-02 -2.207777340500E-01 1.0000000000000E+00 
HIEROBJ  EHIEROBJECT23                                      NONE                
BODYNCBF  WORLD                                   BODY12                        
1.0000000000000E+00 0.000000000000E+00  0.000000000000E+00  0.000000000000E+00  
0.000000000000E+00  1.0000000000000E+00 0.000000000000E+00  0.000000000000E+00  
0.000000000000E+00  0.000000000000E+00  1.0000000000000E+00 0.000000000000E+00  
0.000000000000E+00  0.000000000000E+00  0.000000000000E+00  1.0000000000000E+00 
HIEROBJ  EHIEROBJECT24                                      NONE                
CGTRIAD   HIEROBJECT23                                                          
1.0000000000000E+00 0.000000000000E+00  0.000000000000E+00  0.000000000000E+00  
0.000000000000E+00  1.0000000000000E+00 0.000000000000E+00  0.000000000000E+00  
0.000000000000E+00  0.000000000000E+00  1.0000000000000E+00 0.000000000000E+00  
0.000000000000E+00  0.000000000000E+00  0.000000000000E+00  1.0000000000000E+00 
HIEROBJ  EHIEROBJECT25                                      NONE                
BODYNCBF  WORLD                                   BODY13                        
1.0000000000000E+00 0.000000000000E+00  0.000000000000E+00  0.000000000000E+00  
0.000000000000E+00  1.0000000000000E+00 0.000000000000E+00  0.000000000000E+00  
0.000000000000E+00  0.000000000000E+00  1.0000000000000E+00 0.000000000000E+00  
0.000000000000E+00  0.000000000000E+00  0.000000000000E+00  1.0000000000000E+00 
HIEROBJ  EHIEROBJECT26                                      NONE                
CGTRIAD   HIEROBJECT25                                                          
1.7890662879947E-02 2.0370577344368E-03 9.9983787414636E-01 0.000000000000E+00  
9.9983645027086E-01 -2.682031746815E-03 -1.788517306232E-02 0.000000000000E+00  
2.6451637900103E-03 9.9999432853467E-01 -2.084707900012E-03 0.000000000000E+00  
-5.103633481000E-02 1.0645876700000E-03 2.8130210340000E-02 1.0000000000000E+00 
HIEROBJ  EHIEROBJECT27                                      NONE                
JFCTRIAD  HIEROBJECT1                                                           
-3.008171446314E-11 9.5105651629453E-01 3.0901699437687E-01 0.000000000000E+00  
9.9995549429592E-01 -2.915414862426E-03 8.9727244234040E-03 0.000000000000E+00  
9.4344807699419E-03 3.0900324135823E-01 -9.510141888546E-01 0.000000000000E+00  
0.000000000000E+00  0.000000000000E+00  0.000000000000E+00  1.0000000000000E+00 
HIEROBJ  EHIEROBJECT28                                      NONE                
JFCTRIAD  HIEROBJECT1                                                           
-3.008171446314E-11 9.5105651629453E-01 3.0901699437687E-01 0.000000000000E+00  
9.9995549429592E-01 -2.915414862426E-03 8.9727244234040E-03 0.000000000000E+00  
9.4344807699419E-03 3.0900324135823E-01 -9.510141888546E-01 0.000000000000E+00  
9.0477643890000E-02 -2.819596278000E-02 1.1678298487000E-01 1.0000000000000E+00 
HIEROBJ  EHIEROBJECT29                                      NONE                
JFCTRIAD  HIEROBJECT1                                                           
2.2204460492503E-16 0.000000000000E+00  -1.000000000000E+00 0.000000000000E+00  
0.000000000000E+00  1.0000000000000E+00 0.000000000000E+00  0.000000000000E+00  
1.0000000000000E+00 0.000000000000E+00  2.2204460492503E-16 0.000000000000E+00  
1.2099526558601E-01 3.3285008867038E-03 1.9760662031510E-02 1.0000000000000E+00 
HIEROBJ  EHIEROBJECT30                                      NONE                
JFCTRIAD  HIEROBJECT1                                                           
2.2204460492503E-16 0.000000000000E+00  -1.000000000000E+00 0.000000000000E+00  
0.000000000000E+00  1.0000000000000E+00 0.000000000000E+00  0.000000000000E+00  
1.0000000000000E+00 0.000000000000E+00  2.2204460492503E-16 0.000000000000E+00  
1.3299526558601E-01 -5.214004960360E-02 1.9047530670649E-01 1.0000000000000E+00 
HIEROBJ  EHIEROBJECT31                                      NONE                
JFCTRIAD  HIEROBJECT3                                                           
2.2230481344643E-15 3.3397651204035E-01 9.4258139670023E-01 0.000000000000E+00  
9.9995549429592E-01 -8.892766061339E-03 3.1508949804779E-03 0.000000000000E+00  
9.4344807700110E-03 9.4253944645152E-01 -3.339616481805E-01 0.000000000000E+00  
0.000000000000E+00  0.000000000000E+00  0.000000000000E+00  1.0000000000000E+00 
HIEROBJ  EHIEROBJECT32                                      NONE                
JFCTRIAD  HIEROBJECT3                                                           
2.2230481344643E-15 3.3397651204035E-01 9.4258139670023E-01 0.000000000000E+00  
9.9995549429592E-01 -8.892766061339E-03 3.1508949804779E-03 0.000000000000E+00  
9.4344807700110E-03 9.4253944645152E-01 -3.339616481805E-01 0.000000000000E+00  
9.0477643890000E-02 -1.125892094500E-01 4.1266670400000E-03 1.0000000000000E+00 
HIEROBJ  EHIEROBJECT33                                      NONE                
JFCTRIAD  HIEROBJECT3                                                           
2.2204460492503E-16 0.000000000000E+00  -1.000000000000E+00 0.000000000000E+00  
0.000000000000E+00  1.0000000000000E+00 0.000000000000E+00  0.000000000000E+00  
1.0000000000000E+00 0.000000000000E+00  2.2204460492503E-16 0.000000000000E+00  
1.2099526558601E-01 -1.643147853391E-02 -2.994404949655E-02 1.0000000000000E+00 
HIEROBJ  EHIEROBJECT34                                      NONE                
JFCTRIAD  HIEROBJECT3                                                           
2.2204460492503E-16 0.000000000000E+00  -1.000000000000E+00 0.000000000000E+00  
0.000000000000E+00  1.0000000000000E+00 0.000000000000E+00  0.000000000000E+00  
1.0000000000000E+00 0.000000000000E+00  2.2204460492503E-16 0.000000000000E+00  
1.3299526558601E-01 -1.856248392419E-01 3.0004734413992E-02 1.0000000000000E+00 
HIEROBJ  EHIEROBJECT35                                      NONE                
JFCTRIAD  HIEROBJECT5                                                           
-8.104628079764E-15 5.3292283232252E-01 8.4616384630244E-01 0.000000000000E+00  
9.9995549429592E-01 7.9831165361603E-03 -5.027850213400E-03 0.000000000000E+00  
-9.434480769937E-03 8.4612618718470E-01 -5.328991142166E-01 0.000000000000E+00  
0.000000000000E+00  0.000000000000E+00  0.000000000000E+00  1.0000000000000E+00 
HIEROBJ  EHIEROBJECT36                                      NONE                
JFCTRIAD  HIEROBJECT5                                                           
-8.103760718026E-15 5.3292283232252E-01 8.4616384630244E-01 0.000000000000E+00  
9.9995549429592E-01 7.9831165361603E-03 -5.027850213400E-03 0.000000000000E+00  
-9.434480769937E-03 8.4612618718470E-01 -5.328991142166E-01 0.000000000000E+00  
9.0477643890000E-02 1.5625786224000E-01 -8.986546196000E-02 1.0000000000000E+00 
HIEROBJ  EHIEROBJECT37                                      NONE                
JFCTRIAD  HIEROBJECT5                                                           
2.2204460492503E-16 0.000000000000E+00  -1.000000000000E+00 0.000000000000E+00  
0.000000000000E+00  1.0000000000000E+00 0.000000000000E+00  0.000000000000E+00  
1.0000000000000E+00 0.000000000000E+00  2.2204460492503E-16 0.000000000000E+00  
1.2099526558601E-01 6.9936197371373E-02 -3.549917541139E-02 1.0000000000000E+00 
HIEROBJ  EHIEROBJECT38                                      NONE                
JFCTRIAD  HIEROBJECT5                                                           
2.2204460492503E-16 0.000000000000E+00  -1.000000000000E+00 0.000000000000E+00  
0.000000000000E+00  1.0000000000000E+00 0.000000000000E+00  0.000000000000E+00  
1.0000000000000E+00 0.000000000000E+00  2.2204460492503E-16 0.000000000000E+00  
1.3299526558601E-01 2.2182260778271E-01 -1.311588238132E-01 1.0000000000000E+00 
HIEROBJ  EHIEROBJECT39                                      NONE                
JFCTRIAD  HIEROBJECT7                                                           
3.5083047578155E-14 8.1874441191652E-01 -5.741581558730E-01 0.000000000000E+00  
9.9995549429592E-01 -5.416884080549E-03 -7.724428409748E-03 0.000000000000E+00  
-9.434480769996E-03 -5.741326025600E-01 -8.187079731200E-01 0.000000000000E+00  
0.000000000000E+00  0.000000000000E+00  0.000000000000E+00  1.0000000000000E+00 
HIEROBJ  EHIEROBJECT40                                      NONE                
JFCTRIAD  HIEROBJECT7                                                           
3.5083047578155E-14 8.1874441191652E-01 -5.741581558730E-01 0.000000000000E+00  
9.9995549429592E-01 -5.416884080549E-03 -7.724428409748E-03 0.000000000000E+00  
-9.434480769996E-03 -5.741326025600E-01 -8.187079731200E-01 0.000000000000E+00  
9.0477643890000E-02 -3.383857895000E-02 -1.476209700900E-01 1.0000000000000E+00 
HIEROBJ  EHIEROBJECT41                                      NONE                
JFCTRIAD  HIEROBJECT7                                                           
2.2204460492503E-16 0.000000000000E+00  -1.000000000000E+00 0.000000000000E+00  
0.000000000000E+00  1.0000000000000E+00 0.000000000000E+00  0.000000000000E+00  
1.0000000000000E+00 0.000000000000E+00  2.2204460492503E-16 0.000000000000E+00  
1.2099526558601E-01 2.4734341805953E-02 -6.409650724905E-02 1.0000000000000E+00 
HIEROBJ  EHIEROBJECT42                                      NONE                
JFCTRIAD  HIEROBJECT7                                                           
2.2204460492503E-16 0.000000000000E+00  -1.000000000000E+00 0.000000000000E+00  
0.000000000000E+00  1.0000000000000E+00 0.000000000000E+00  0.000000000000E+00  
1.0000000000000E+00 0.000000000000E+00  2.2204460492503E-16 0.000000000000E+00  
1.3299526558601E-01 -7.832704717362E-02 -2.110611291878E-01 1.0000000000000E+00 
HIEROBJ  EHIEROBJECT43                                      NONE                
JFCTRIAD  HIEROBJECT9                                                           
9.9999999991350E-01 -1.020759304033E-05 8.2943463319315E-06 0.000000000000E+00  
1.3151925864249E-05 7.6961882262279E-01 -6.385036160365E-01 0.000000000000E+00  
1.3410000887512E-07 6.3850361609040E-01 7.6961882269047E-01 0.000000000000E+00  
0.000000000000E+00  0.000000000000E+00  0.000000000000E+00  1.0000000000000E+00 
HIEROBJ  EHIEROBJECT44                                      NONE                
JFCTRIAD  HIEROBJECT9                                                           
9.9999999991350E-01 -1.020759304034E-05 8.2943463319335E-06 0.000000000000E+00  
1.3151925864252E-05 7.6961882262279E-01 -6.385036160365E-01 0.000000000000E+00  
1.3410000887504E-07 6.3850361609040E-01 7.6961882269047E-01 0.000000000000E+00  
8.9995275250000E-02 6.3955071140000E-02 2.5064096440000E-02 1.0000000000000E+00 
HIEROBJ  EHIEROBJECT45                                      NONE                
JFCTRIAD  HIEROBJECT9                                                           
2.2204460492503E-16 0.000000000000E+00  -1.000000000000E+00 0.000000000000E+00  
0.000000000000E+00  1.0000000000000E+00 0.000000000000E+00  0.000000000000E+00  
1.0000000000000E+00 0.000000000000E+00  2.2204460492503E-16 0.000000000000E+00  
1.1399526558601E-01 2.7654844331125E-02 -1.869033294423E-02 1.0000000000000E+00 
HIEROBJ  EHIEROBJECT46                                      NONE                
JFCTRIAD  HIEROBJECT9                                                           
2.2204460492503E-16 0.000000000000E+00  -1.000000000000E+00 0.000000000000E+00  
0.000000000000E+00  1.0000000000000E+00 0.000000000000E+00  0.000000000000E+00  
1.0000000000000E+00 0.000000000000E+00  2.2204460492503E-16 0.000000000000E+00  
1.2099526558601E-01 3.3285008867038E-03 1.9760662031510E-02 1.0000000000000E+00 
HIEROBJ  EHIEROBJECT47                                      NONE                
JFCTRIAD  HIEROBJECT9                                                           
2.2204460492503E-16 0.000000000000E+00  -1.000000000000E+00 0.000000000000E+00  
0.000000000000E+00  1.0000000000000E+00 0.000000000000E+00  0.000000000000E+00  
1.0000000000000E+00 0.000000000000E+00  2.2204460492503E-16 0.000000000000E+00  
1.2099526558601E-01 -1.643147853391E-02 -2.994404949655E-02 1.0000000000000E+00 
HIEROBJ  EHIEROBJECT48                                      NONE                
JFCTRIAD  HIEROBJECT9                                                           
2.2204460492503E-16 0.000000000000E+00  -1.000000000000E+00 0.000000000000E+00  
0.000000000000E+00  1.0000000000000E+00 0.000000000000E+00  0.000000000000E+00  
1.0000000000000E+00 0.000000000000E+00  2.2204460492503E-16 0.000000000000E+00  
1.2099526558601E-01 6.9936197371373E-02 -3.549917541139E-02 1.0000000000000E+00 
HIEROBJ  EHIEROBJECT49                                      NONE                
JFCTRIAD  HIEROBJECT9                                                           
2.2204460492503E-16 0.000000000000E+00  -1.000000000000E+00 0.000000000000E+00  
0.000000000000E+00  1.0000000000000E+00 0.000000000000E+00  0.000000000000E+00  
1.0000000000000E+00 0.000000000000E+00  2.2204460492503E-16 0.000000000000E+00  
1.2099526558601E-01 2.4734341805953E-02 -6.409650724905E-02 1.0000000000000E+00 
HIEROBJ  EHIEROBJECT50                                      NONE                
JFCTRIAD  HIEROBJECT9                                                           
2.2204460492503E-16 0.000000000000E+00  -1.000000000000E+00 0.000000000000E+00  
0.000000000000E+00  1.0000000000000E+00 0.000000000000E+00  0.000000000000E+00  
1.0000000000000E+00 0.000000000000E+00  2.2204460492503E-16 0.000000000000E+00  
1.3299526558601E-01 1.7131766968794E-01 1.5447430724105E-01 1.0000000000000E+00 
HIEROBJ  EHIEROBJECT51                                      NONE                
JFCTRIAD  HIEROBJECT11                                                          
9.9999999999997E-01 1.3467184849510E-07 1.8649982151344E-07 0.000000000000E+00  
-1.985469664419E-07 9.5828860590012E-02 9.9539782473038E-01 0.000000000000E+00  
1.1617999964857E-07 -9.953978247304E-01 9.5828860590036E-02 0.000000000000E+00  
0.000000000000E+00  0.000000000000E+00  0.000000000000E+00  1.0000000000000E+00 
HIEROBJ  EHIEROBJECT52                                      NONE                
JFCTRIAD  HIEROBJECT11                                                          
9.9999999999997E-01 1.3467184849504E-07 1.8649982151329E-07 0.000000000000E+00  
-1.985469664418E-07 9.5828860590012E-02 9.9539782473038E-01 0.000000000000E+00  
1.1617999964852E-07 -9.953978247304E-01 9.5828860590036E-02 0.000000000000E+00  
2.2854365230000E-02 2.3550000000000E-08 3.0004798140000E-02 1.0000000000000E+00 
HIEROBJ  EHIEROBJECT53                                      NONE                
JFCTRIAD  HIEROBJECT11                                                          
2.2204460492503E-16 0.000000000000E+00  -1.000000000000E+00 0.000000000000E+00  
0.000000000000E+00  1.0000000000000E+00 0.000000000000E+00  0.000000000000E+00  
1.0000000000000E+00 0.000000000000E+00  2.2204460492503E-16 0.000000000000E+00  
3.3499526558601E-01 0.000000000000E+00  3.0004734413990E-02 1.0000000000000E+00 
HIEROBJ  EHIEROBJECT54                                      NONE                
JFCTRIAD  HIEROBJECT11                                                          
1.0000000000000E+00 0.000000000000E+00  1.5293596401738E-15 0.000000000000E+00  
1.2350102798937E-15 5.8778525229247E-01 -8.090169943749E-01 0.000000000000E+00  
-9.020562075079E-16 8.0901699437495E-01 5.8778525229247E-01 0.000000000000E+00  
8.9995265586008E-02 2.7102069311561E-01 2.2691279393197E-01 1.0000000000000E+00 
HIEROBJ  EHIEROBJECT55                                      NONE                
JFCTRIAD  HIEROBJECT11                                                          
1.0000000000000E+00 0.000000000000E+00  1.5474710269066E-15 0.000000000000E+00  
-4.803088950177E-16 9.5105651629515E-01 3.0901699437494E-01 0.000000000000E+00  
-1.471045507628E-15 -3.090169943749E-01 9.5105651629515E-01 0.000000000000E+00  
8.9995265586008E-02 -1.035206931156E-01 3.4860866737287E-01 1.0000000000000E+00 
HIEROBJ  EHIEROBJECT56                                      NONE                
JFCTRIAD  HIEROBJECT11                                                          
4.4408920985006E-16 4.4408920985006E-16 1.0000000000000E+00 0.000000000000E+00  
-1.000000000000E+00 0.000000000000E+00  4.4408920985006E-16 0.000000000000E+00  
0.000000000000E+00  -1.000000000000E+00 4.4408920985006E-16 0.000000000000E+00  
8.9995265586009E-02 -3.350000000000E-01 3.0004734413992E-02 1.0000000000000E+00 
HIEROBJ  EHIEROBJECT57                                      NONE                
JFCTRIAD  HIEROBJECT11                                                          
-1.000000000000E+00 -1.268892130039E-16 -1.709317702873E-15 0.000000000000E+00  
-1.457450678489E-15 5.8778525229248E-01 8.0901699437495E-01 0.000000000000E+00  
9.0205620750794E-16 8.0901699437495E-01 -5.877852522925E-01 0.000000000000E+00  
8.9995265586009E-02 2.7102069311561E-01 -1.669033251040E-01 1.0000000000000E+00 
HIEROBJ  EHIEROBJECT58                                      NONE                
JFCTRIAD  HIEROBJECT11                                                          
-1.000000000000E+00 0.000000000000E+00  -1.571942503930E-15 0.000000000000E+00  
5.5950025817604E-16 9.5105651629515E-01 -3.090169943749E-01 0.000000000000E+00  
1.4710455076283E-15 -3.090169943749E-01 -9.510565162952E-01 0.000000000000E+00  
8.9995265586009E-02 -1.035206931156E-01 -2.885991985449E-01 1.0000000000000E+00 
HIEROBJ  EHIEROBJECT59                                      NONE                
JFCTRIAD  HIEROBJECT13                                                          
1.1878169396684E-02 8.0896844829388E-01 5.8773204673285E-01 0.000000000000E+00  
-1.681769876848E-04 -5.877718883801E-01 8.0902668617706E-01 0.000000000000E+00  
9.9992943791464E-01 -9.708599030034E-03 -6.845604180021E-03 0.000000000000E+00  
0.000000000000E+00  0.000000000000E+00  0.000000000000E+00  1.0000000000000E+00 
HIEROBJ  EHIEROBJECT60                                      NONE                
JFCTRIAD  HIEROBJECT13                                                          
1.1878169396684E-02 8.0896844829388E-01 5.8773204673285E-01 0.000000000000E+00  
-1.681769876848E-04 -5.877718883801E-01 8.0902668617706E-01 0.000000000000E+00  
9.9992943791464E-01 -9.708599030034E-03 -6.845604180021E-03 0.000000000000E+00  
9.0346098570000E-02 1.7958308066000E-01 1.6047951877000E-01 1.0000000000000E+00 
HIEROBJ  EHIEROBJECT61                                      NONE                
JFCTRIAD  HIEROBJECT13                                                          
2.2204460492503E-16 0.000000000000E+00  -1.000000000000E+00 0.000000000000E+00  
0.000000000000E+00  1.0000000000000E+00 0.000000000000E+00  0.000000000000E+00  
1.0000000000000E+00 0.000000000000E+00  2.2204460492503E-16 0.000000000000E+00  
1.3299526558601E-01 1.7131766968794E-01 1.5447430724105E-01 1.0000000000000E+00 
HIEROBJ  EHIEROBJECT62                                      NONE                
JFCTRIAD  HIEROBJECT13                                                          
1.0000000000000E+00 0.000000000000E+00  1.5293596401738E-15 0.000000000000E+00  
1.2350102798937E-15 5.8778525229247E-01 -8.090169943749E-01 0.000000000000E+00  
-9.020562075079E-16 8.0901699437495E-01 5.8778525229247E-01 0.000000000000E+00  
8.9995265586008E-02 2.7102069311561E-01 2.2691279393197E-01 1.0000000000000E+00 
HIEROBJ  EHIEROBJECT63                                      NONE                
JFCTRIAD  HIEROBJECT15                                                          
1.1878169396254E-02 -3.089813944394E-01 9.5099390480807E-01 0.000000000000E+00  
1.6817698906854E-04 9.5106160407243E-01 3.0900128960195E-01 0.000000000000E+00  
-9.999294379146E-01 -3.510434370020E-03 1.1348834400041E-02 0.000000000000E+00  
0.000000000000E+00  0.000000000000E+00  0.000000000000E+00  1.0000000000000E+00 
HIEROBJ  EHIEROBJECT64                                      NONE                
JFCTRIAD  HIEROBJECT15                                                          
1.1878169396254E-02 -3.089813944394E-01 9.5099390480807E-01 0.000000000000E+00  
1.6817698906854E-04 9.5106160407243E-01 3.0900128960195E-01 0.000000000000E+00  
-9.999294379146E-01 -3.510434370020E-03 1.1348834400041E-02 0.000000000000E+00  
9.0346098570000E-02 -5.529719271000E-02 2.0019189209000E-01 1.0000000000000E+00 
HIEROBJ  EHIEROBJECT65                                      NONE                
JFCTRIAD  HIEROBJECT15                                                          
2.2204460492503E-16 0.000000000000E+00  -1.000000000000E+00 0.000000000000E+00  
0.000000000000E+00  1.0000000000000E+00 0.000000000000E+00  0.000000000000E+00  
1.0000000000000E+00 0.000000000000E+00  2.2204460492503E-16 0.000000000000E+00  
1.3299526558601E-01 -5.214004960360E-02 1.9047530670649E-01 1.0000000000000E+00 
HIEROBJ  EHIEROBJECT66                                      NONE                
JFCTRIAD  HIEROBJECT15                                                          
1.0000000000000E+00 0.000000000000E+00  1.5474710269066E-15 0.000000000000E+00  
-4.803088950177E-16 9.5105651629515E-01 3.0901699437494E-01 0.000000000000E+00  
-1.471045507628E-15 -3.090169943749E-01 9.5105651629515E-01 0.000000000000E+00  
8.9995265586008E-02 -1.035206931156E-01 3.4860866737287E-01 1.0000000000000E+00 
HIEROBJ  EHIEROBJECT67                                      NONE                
JFCTRIAD  HIEROBJECT17                                                          
-1.187816939984E-02 9.9992945195208E-01 -1.450953000126E-05 0.000000000000E+00  
1.6817699582826E-04 1.6508329270102E-05 9.9999998572199E-01 0.000000000000E+00  
9.9992943791460E-01 1.1878166790074E-02 -1.683612200011E-04 0.000000000000E+00  
0.000000000000E+00  0.000000000000E+00  0.000000000000E+00  1.0000000000000E+00 
HIEROBJ  EHIEROBJECT68                                      NONE                
JFCTRIAD  HIEROBJECT17                                                          
-1.187816939984E-02 9.9992945195208E-01 -1.450953000126E-05 0.000000000000E+00  
1.6817699582826E-04 1.6508329270102E-05 9.9999998572199E-01 0.000000000000E+00  
9.9992943791460E-01 1.1878166790074E-02 -1.683612200011E-04 0.000000000000E+00  
9.0346098570000E-02 -1.958414719600E-01 3.0004702910000E-02 1.0000000000000E+00 
HIEROBJ  EHIEROBJECT69                                      NONE                
JFCTRIAD  HIEROBJECT17                                                          
2.2204460492503E-16 0.000000000000E+00  -1.000000000000E+00 0.000000000000E+00  
0.000000000000E+00  1.0000000000000E+00 0.000000000000E+00  0.000000000000E+00  
1.0000000000000E+00 0.000000000000E+00  2.2204460492503E-16 0.000000000000E+00  
1.3299526558601E-01 -1.856248392419E-01 3.0004734413992E-02 1.0000000000000E+00 
HIEROBJ  EHIEROBJECT70                                      NONE                
JFCTRIAD  HIEROBJECT17                                                          
4.4408920985006E-16 4.4408920985006E-16 1.0000000000000E+00 0.000000000000E+00  
-1.000000000000E+00 0.000000000000E+00  4.4408920985006E-16 0.000000000000E+00  
0.000000000000E+00  -1.000000000000E+00 4.4408920985006E-16 0.000000000000E+00  
8.9995265586009E-02 -3.350000000000E-01 3.0004734413992E-02 1.0000000000000E+00 
HIEROBJ  EHIEROBJECT71                                      NONE                
JFCTRIAD  HIEROBJECT19                                                          
1.1878169396489E-02 8.0895139131681E-01 -5.877555236477E-01 0.000000000000E+00  
-1.681769962353E-04 5.8779859942000E-01 8.0900727947057E-01 0.000000000000E+00  
9.9992943791464E-01 -9.510678550056E-03 7.1180183500217E-03 0.000000000000E+00  
0.000000000000E+00  0.000000000000E+00  0.000000000000E+00  1.0000000000000E+00 
HIEROBJ  EHIEROBJECT72                                      NONE                
JFCTRIAD  HIEROBJECT19                                                          
1.1878169396489E-02 8.0895139131681E-01 -5.877555236477E-01 0.000000000000E+00  
-1.681769962353E-04 5.8779859942000E-01 8.0900727947057E-01 0.000000000000E+00  
9.9992943791464E-01 -9.510678550056E-03 7.1180183500217E-03 0.000000000000E+00  
9.0346098570000E-02 2.3008805580000E-01 -1.371639843600E-01 1.0000000000000E+00 
HIEROBJ  EHIEROBJECT73                                      NONE                
JFCTRIAD  HIEROBJECT19                                                          
2.2204460492503E-16 0.000000000000E+00  -1.000000000000E+00 0.000000000000E+00  
0.000000000000E+00  1.0000000000000E+00 0.000000000000E+00  0.000000000000E+00  
1.0000000000000E+00 0.000000000000E+00  2.2204460492503E-16 0.000000000000E+00  
1.3299526558601E-01 2.2182260778271E-01 -1.311588238132E-01 1.0000000000000E+00 
HIEROBJ  EHIEROBJECT74                                      NONE                
JFCTRIAD  HIEROBJECT19                                                          
-1.000000000000E+00 -1.268892130039E-16 -1.709317702873E-15 0.000000000000E+00  
-1.457450678489E-15 5.8778525229248E-01 8.0901699437495E-01 0.000000000000E+00  
9.0205620750794E-16 8.0901699437495E-01 -5.877852522925E-01 0.000000000000E+00  
8.9995265586009E-02 2.7102069311561E-01 -1.669033251040E-01 1.0000000000000E+00 
HIEROBJ  EHIEROBJECT75                                      NONE                
JFCTRIAD  HIEROBJECT21                                                          
-1.187816939896E-02 3.0900899322017E-01 9.5098493742056E-01 0.000000000000E+00  
-1.681769902286E-04 9.5105140135912E-01 -3.090326903248E-01 0.000000000000E+00  
-9.999294379146E-01 -3.830676430023E-03 -1.124478145003E-02 0.000000000000E+00  
0.000000000000E+00  0.000000000000E+00  0.000000000000E+00  1.0000000000000E+00 
HIEROBJ  EHIEROBJECT76                                      NONE                
JFCTRIAD  HIEROBJECT21                                                          
-1.187816939896E-02 3.0900899322017E-01 9.5098493742056E-01 0.000000000000E+00  
-1.681769902286E-04 9.5105140135912E-01 -3.090326903248E-01 0.000000000000E+00  
-9.999294379146E-01 -3.830676430023E-03 -1.124478145003E-02 0.000000000000E+00  
9.0346098570000E-02 -8.148413034000E-02 -2.207777340500E-01 1.0000000000000E+00 
HIEROBJ  EHIEROBJECT77                                      NONE                
JFCTRIAD  HIEROBJECT21                                                          
2.2204460492503E-16 0.000000000000E+00  -1.000000000000E+00 0.000000000000E+00  
0.000000000000E+00  1.0000000000000E+00 0.000000000000E+00  0.000000000000E+00  
1.0000000000000E+00 0.000000000000E+00  2.2204460492503E-16 0.000000000000E+00  
1.3299526558601E-01 -7.832704717362E-02 -2.110611291878E-01 1.0000000000000E+00 
HIEROBJ  EHIEROBJECT78                                      NONE                
JFCTRIAD  HIEROBJECT21                                                          
-1.000000000000E+00 0.000000000000E+00  -1.571942503930E-15 0.000000000000E+00  
5.5950025817604E-16 9.5105651629515E-01 -3.090169943749E-01 0.000000000000E+00  
1.4710455076283E-15 -3.090169943749E-01 -9.510565162952E-01 0.000000000000E+00  
8.9995265586009E-02 -1.035206931156E-01 -2.885991985449E-01 1.0000000000000E+00 
HIEROBJ  EHIEROBJECT79                                      NONE                
JFCTRIAD  HIEROBJECT23                                                          
1.0000000000000E+00 0.000000000000E+00  0.000000000000E+00  0.000000000000E+00  
0.000000000000E+00  1.0000000000000E+00 0.000000000000E+00  0.000000000000E+00  
0.000000000000E+00  0.000000000000E+00  1.0000000000000E+00 0.000000000000E+00  
0.000000000000E+00  0.000000000000E+00  0.000000000000E+00  1.0000000000000E+00 
HIEROBJ  EHIEROBJECT80                                      NONE                
JFCTRIAD  HIEROBJECT25                                                          
2.2204460492503E-16 0.000000000000E+00  -1.000000000000E+00 0.000000000000E+00  
0.000000000000E+00  1.0000000000000E+00 0.000000000000E+00  0.000000000000E+00  
1.0000000000000E+00 0.000000000000E+00  2.2204460492503E-16 0.000000000000E+00  
1.1399526558601E-01 2.7654844331125E-02 -1.869033294423E-02 1.0000000000000E+00 
HIEROBJ  EHIEROBJECT81                                      NONE                
JFCTRIAD  HIEROBJECT25                                                          
2.2204460492503E-16 0.000000000000E+00  -1.000000000000E+00 0.000000000000E+00  
0.000000000000E+00  1.0000000000000E+00 0.000000000000E+00  0.000000000000E+00  
1.0000000000000E+00 0.000000000000E+00  2.2204460492503E-16 0.000000000000E+00  
3.3499526558601E-01 0.000000000000E+00  3.0004734413990E-02 1.0000000000000E+00 
HIEROBJ  EHIEROBJECT82                                      NONE                
